+1.81767
+1.13367
+1.08800
+0.61733
+0.93533
+0.97633
+0.74800
+1.41867
+0.99900
+1.00900
+1.12100
+0.96700
+0.74767
+0.85133
+0.91333
+1.37100
+0.92900
+1.17200
+1.10200
+1.06867
+1.42900
+1.42600
+1.21367
+1.02300
+1.00567
+1.18367
+1.08200
+0.75767
+1.23633
+1.05767
+0.99900
+0.93833
+1.21733
+1.00367
+1.04833
+0.99067
+1.07867
+0.81333
+0.95700
+1.31000
+1.19000
+1.28700
+1.15333
+0.96967
+1.01633
+0.90467
+0.77267
+1.00033
+0.51000
+0.74567
+1.34933
+1.09133
+1.06300
+1.17867
+1.39667
+0.98367
+1.34000
+0.94733
+0.97200
+0.92800
+1.07600
+0.90900
+1.28067
+0.81533
+0.93367
+1.02000
+0.79900
+0.99467
+1.44133
+0.78367
+1.05200
+1.28933
+0.98867
+0.85433
+1.00033
+0.80767
+1.02467
+1.20400
+1.19400
+1.21000
+1.37500
+0.94067
+1.05933
+1.15000
+1.04167
+1.27800
+0.88500
+1.30167
+1.15900
+1.19567
+0.95833
+1.09000
+1.33100
+1.15067
+1.00933
+1.14700
+1.14133
+1.38000
+0.93867
+0.99167
