-0.058
+0.023
-0.061
+0.000
-0.041
-0.007
-0.007
-0.356
-0.057
-0.036
-0.046
-0.036
-0.066
-0.063
-0.007
-0.021
+0.028
-0.047
-0.036
-0.017
-0.012
+0.000
-0.007
-0.013
-0.119
-0.015
-0.052
-0.040
-0.029
-0.055
-0.050
-0.010
-0.175
-0.001
+0.028
-0.052
-0.005
-0.013
-0.116
-0.027
+0.014
-0.109
+0.054
-0.010
-0.041
-0.082
-0.062
-0.003
-0.017
-0.040
-0.014
+0.080
-0.034
+0.014
-0.042
-0.040
-0.004
-0.065
-0.060
-0.011
-0.007
-0.061
-0.003
-0.078
-0.010
-0.006
-0.032
+0.000
-0.090
-0.093
-0.053
-0.045
-0.096
-0.021
+0.058
-0.037
-0.032
-0.018
-0.075
-0.098
-0.075
-0.008
-0.009
-0.064
-0.204
-0.008
-0.038
-0.042
+0.002
-0.032
-0.031
-0.066
-0.039
-0.029
-0.002
-0.971
-0.180
-0.059
-0.013
-0.013
----------------
Total:-4.82400
Average:-0.04824
