-0.022
-0.013
-0.018
-0.011
+0.047
+0.002
-0.052
-0.019
-0.043
-0.003
-0.020
-0.012
-0.073
-0.015
-0.005
-0.076
-0.094
+0.011
-0.013
+0.001
-0.054
-0.009
-0.008
-0.012
-0.076
-0.011
-0.005
-0.025
-0.022
-0.008
-0.065
+0.034
-0.046
-0.002
-0.065
-0.010
-0.048
-0.058
+0.014
-0.024
-0.081
-0.089
+0.001
-0.017
-0.026
-0.083
-0.049
-0.055
-0.038
-0.029
-0.021
-0.102
-0.090
-0.025
-0.015
+0.028
+0.026
+0.000
-0.026
-0.013
+0.001
-0.025
+0.003
-0.019
-0.104
-0.007
-0.010
+0.033
-0.007
+0.021
-0.007
-0.045
-0.008
-0.006
-0.004
+0.045
-0.031
-0.003
-0.017
-0.016
-0.073
-0.009
-0.053
-0.064
+0.002
-0.071
-0.015
-0.043
-0.019
-0.030
+0.013
-0.008
-0.082
-0.023
-0.070
-0.018
-0.010
-0.001
-0.062
-0.018
----------------
Total:-2.49200
Average:-0.02492
